0 0.523438 0.221680 0.572917 0.221680 0.572917 0.239258 0.523438 0.239258
0 0.523438 0.243164 0.615885 0.243164 0.615885 0.260742 0.523438 0.260742
0 0.673177 0.243164 0.701823 0.243164 0.701823 0.260742 0.673177 0.260742
0 0.601562 0.380859 0.627604 0.380859 0.627604 0.398438 0.601562 0.398438
0 0.184896 0.402344 0.203125 0.402344 0.203125 0.419922 0.184896 0.419922
0 0.263021 0.423828 0.285156 0.423828 0.285156 0.441406 0.263021 0.441406
1 0.208333 0.466797 0.790365 0.466797 0.790365 0.511719 0.208333 0.511719
0 0.842448 0.716797 0.860677 0.716797 0.860677 0.734375 0.842448 0.734375
0 0.243490 0.844727 0.261719 0.844727 0.261719 0.862305 0.243490 0.862305
0 0.891927 0.844727 0.907552 0.844727 0.907552 0.862305 0.891927 0.862305
0 0.132812 0.966797 0.214844 0.966797 0.214844 0.984375 0.132812 0.984375
