0 0.329427 0.055664 0.346354 0.055664 0.346354 0.073242 0.329427 0.073242
0 0.367188 0.282227 0.476562 0.282227 0.476562 0.299805 0.367188 0.299805
1 0.255208 0.382812 0.743490 0.382812 0.743490 0.500977 0.255208 0.500977
0 0.210938 0.620117 0.242188 0.620117 0.242188 0.637695 0.210938 0.637695
0 0.158854 0.641602 0.226562 0.641602 0.226562 0.659180 0.158854 0.659180
0 0.263021 0.663086 0.287760 0.663086 0.287760 0.680664 0.263021 0.680664
0 0.709635 0.663086 0.804688 0.663086 0.804688 0.680664 0.709635 0.680664
0 0.263021 0.727539 0.351562 0.727539 0.351562 0.745117 0.263021 0.745117
0 0.236979 0.822266 0.308594 0.822266 0.308594 0.839844 0.236979 0.839844
0 0.106771 0.843750 0.130208 0.843750 0.130208 0.861328 0.106771 0.861328
0 0.473958 0.843750 0.565104 0.843750 0.565104 0.861328 0.473958 0.861328
