0 0.156250 0.085938 0.175781 0.085938 0.175781 0.105469 0.156250 0.105469
0 0.054688 0.156250 0.087240 0.156250 0.087240 0.175781 0.054688 0.175781
0 0.274740 0.156250 0.441406 0.156250 0.441406 0.175781 0.274740 0.175781
0 0.497396 0.179688 0.539062 0.179688 0.539062 0.199219 0.497396 0.199219
1 0.325521 0.211914 0.673177 0.211914 0.673177 0.265625 0.325521 0.265625
0 0.941406 0.335938 0.967448 0.335938 0.967448 0.355469 0.941406 0.355469
0 0.246094 0.382812 0.289062 0.382812 0.289062 0.402344 0.246094 0.402344
1 0.119792 0.543945 0.880208 0.543945 0.880208 0.819336 0.119792 0.819336
0 0.528646 0.889648 0.592448 0.889648 0.592448 0.909180 0.528646 0.909180
0 0.653646 0.913086 0.736979 0.913086 0.736979 0.932617 0.653646 0.932617
