0 0.367188 0.057617 0.404948 0.057617 0.404948 0.074219 0.367188 0.074219
0 0.436198 0.057617 0.453125 0.057617 0.453125 0.074219 0.436198 0.074219
0 0.367188 0.098633 0.414062 0.098633 0.414062 0.115234 0.367188 0.115234
1 0.266927 0.157227 0.731771 0.157227 0.731771 0.181641 0.266927 0.181641
1 0.160156 0.189453 0.839844 0.189453 0.839844 0.234375 0.160156 0.234375
0 0.505208 0.317383 0.522135 0.317383 0.522135 0.333984 0.505208 0.333984
0 0.757812 0.529297 0.787760 0.529297 0.787760 0.545898 0.757812 0.545898
0 0.106771 0.569336 0.134115 0.569336 0.134115 0.585938 0.106771 0.585938
0 0.911458 0.569336 0.957031 0.569336 0.957031 0.585938 0.911458 0.585938
0 0.505208 0.832031 0.549479 0.832031 0.549479 0.848633 0.505208 0.848633
0 0.419271 0.957031 0.440104 0.957031 0.440104 0.973633 0.419271 0.973633
