0 0.106771 0.078125 0.201823 0.078125 0.201823 0.094727 0.106771 0.094727
0 0.653646 0.098633 0.678385 0.098633 0.678385 0.115234 0.653646 0.115234
0 0.635417 0.139648 0.768229 0.139648 0.768229 0.156250 0.635417 0.156250
0 0.809896 0.200195 0.835938 0.200195 0.835938 0.216797 0.809896 0.216797
0 0.471354 0.318359 0.497396 0.318359 0.497396 0.334961 0.471354 0.334961
0 0.609375 0.338867 0.725260 0.338867 0.725260 0.355469 0.609375 0.355469
0 0.132812 0.400391 0.218750 0.400391 0.218750 0.416992 0.132812 0.416992
0 0.953125 0.400391 0.964844 0.400391 0.964844 0.416992 0.953125 0.416992
0 0.420573 0.463867 0.440104 0.463867 0.440104 0.480469 0.420573 0.480469
0 0.083333 0.484375 0.174479 0.484375 0.174479 0.500977 0.083333 0.500977
0 0.464844 0.532227 0.484375 0.532227 0.484375 0.548828 0.464844 0.548828
0 0.497396 0.573242 0.527344 0.573242 0.527344 0.589844 0.497396 0.589844
0 0.523438 0.614258 0.545573 0.614258 0.545573 0.630859 0.523438 0.630859
0 0.680990 0.614258 0.708333 0.614258 0.708333 0.630859 0.680990 0.630859
0 0.799479 0.614258 0.872396 0.614258 0.872396 0.630859 0.799479 0.630859
0 0.054688 0.634766 0.195312 0.634766 0.195312 0.651367 0.054688 0.651367
0 0.721354 0.634766 0.752604 0.634766 0.752604 0.651367 0.721354 0.651367
1 0.233073 0.676758 0.766927 0.676758 0.766927 0.736328 0.233073 0.736328
1 0.076823 0.744141 0.923177 0.744141 0.923177 0.791992 0.076823 0.791992
0 0.760417 0.813477 0.861979 0.813477 0.861979 0.830078 0.760417 0.830078
0 0.438802 0.833984 0.458333 0.833984 0.458333 0.850586 0.438802 0.850586
1 0.292969 0.896484 0.705729 0.896484 0.705729 0.983398 0.292969 0.983398
