1 0.321615 0.023438 0.678385 0.023438 0.678385 0.116211 0.321615 0.116211
0 0.289062 0.158203 0.320312 0.158203 0.320312 0.176758 0.289062 0.176758
0 0.708333 0.180664 0.748698 0.180664 0.748698 0.199219 0.708333 0.199219
0 0.132812 0.250000 0.157552 0.250000 0.157552 0.268555 0.132812 0.268555
0 0.145833 0.339844 0.186198 0.339844 0.186198 0.358398 0.145833 0.358398
0 0.264323 0.362305 0.282552 0.362305 0.282552 0.380859 0.264323 0.380859
0 0.914062 0.447266 0.946615 0.447266 0.946615 0.465820 0.914062 0.465820
0 0.393229 0.516602 0.458333 0.516602 0.458333 0.535156 0.393229 0.535156
0 0.054688 0.539062 0.072917 0.539062 0.072917 0.557617 0.054688 0.557617
0 0.588542 0.689453 0.638021 0.689453 0.638021 0.708008 0.588542 0.708008
0 0.695312 0.867188 0.782552 0.867188 0.782552 0.885742 0.695312 0.885742
