0 0.445312 0.038086 0.477865 0.038086 0.477865 0.056641 0.445312 0.056641
0 0.835938 0.060547 0.889323 0.060547 0.889323 0.079102 0.835938 0.079102
0 0.575521 0.083008 0.673177 0.083008 0.673177 0.101562 0.575521 0.101562
0 0.106771 0.127930 0.165365 0.127930 0.165365 0.146484 0.106771 0.146484
0 0.055990 0.150391 0.118490 0.150391 0.118490 0.168945 0.055990 0.168945
0 0.395833 0.172852 0.408854 0.172852 0.408854 0.191406 0.395833 0.191406
1 0.183594 0.213867 0.816406 0.213867 0.816406 0.261719 0.183594 0.261719
0 0.388021 0.306641 0.415365 0.306641 0.415365 0.325195 0.388021 0.325195
0 0.630208 0.306641 0.705729 0.306641 0.705729 0.325195 0.630208 0.325195
0 0.912760 0.368164 0.958333 0.368164 0.958333 0.386719 0.912760 0.386719
0 0.625000 0.458008 0.712240 0.458008 0.712240 0.476562 0.625000 0.476562
0 0.654948 0.480469 0.699219 0.480469 0.699219 0.499023 0.654948 0.499023
0 0.720052 0.502930 0.803385 0.502930 0.803385 0.521484 0.720052 0.521484
0 0.944010 0.502930 0.960938 0.502930 0.960938 0.521484 0.944010 0.521484
0 0.348958 0.853516 0.371094 0.853516 0.371094 0.872070 0.348958 0.872070
0 0.420573 0.875977 0.467448 0.875977 0.467448 0.894531 0.420573 0.894531
0 0.264323 0.964844 0.303385 0.964844 0.303385 0.983398 0.264323 0.983398
