0 0.028646 0.038086 0.057292 0.038086 0.057292 0.056641 0.028646 0.056641
0 0.432292 0.038086 0.515625 0.038086 0.515625 0.056641 0.432292 0.056641
0 0.835938 0.060547 0.856771 0.060547 0.856771 0.079102 0.835938 0.079102
0 0.207031 0.105469 0.277344 0.105469 0.277344 0.124023 0.207031 0.124023
0 0.802083 0.105469 0.839844 0.105469 0.839844 0.124023 0.802083 0.124023
0 0.867188 0.127930 0.972656 0.127930 0.972656 0.146484 0.867188 0.146484
0 0.761719 0.198242 0.786458 0.198242 0.786458 0.216797 0.761719 0.216797
0 0.895833 0.198242 0.944010 0.198242 0.944010 0.216797 0.895833 0.216797
1 0.205729 0.382812 0.794271 0.382812 0.794271 0.480469 0.205729 0.480469
0 0.782552 0.502930 0.861979 0.502930 0.861979 0.521484 0.782552 0.521484
0 0.631510 0.600586 0.652344 0.600586 0.652344 0.619141 0.631510 0.619141
0 0.188802 0.623047 0.253906 0.623047 0.253906 0.641602 0.188802 0.641602
0 0.615885 0.645508 0.652344 0.645508 0.652344 0.664062 0.615885 0.664062
1 0.303385 0.729492 0.696615 0.729492 0.696615 0.788086 0.303385 0.788086
0 0.661458 0.851562 0.800781 0.851562 0.800781 0.870117 0.661458 0.870117
0 0.425781 0.897461 0.457031 0.897461 0.457031 0.916016 0.425781 0.916016
0 0.562500 0.897461 0.584635 0.897461 0.584635 0.916016 0.562500 0.916016
0 0.614583 0.897461 0.691406 0.897461 0.691406 0.916016 0.614583 0.916016
1 0.014323 0.955078 0.984375 0.955078 0.984375 0.995117 0.014323 0.995117
