1 0.226562 0.023438 0.773438 0.023438 0.773438 0.162109 0.226562 0.162109
0 0.601562 0.251953 0.751302 0.251953 0.751302 0.271484 0.601562 0.271484
0 0.158854 0.322266 0.242188 0.322266 0.242188 0.341797 0.158854 0.341797
0 0.210938 0.409180 0.380208 0.409180 0.380208 0.428711 0.210938 0.428711
0 0.653646 0.456055 0.686198 0.456055 0.686198 0.475586 0.653646 0.475586
0 0.354167 0.678711 0.611979 0.678711 0.611979 0.698242 0.354167 0.698242
0 0.263021 0.702148 0.321615 0.702148 0.321615 0.721680 0.263021 0.721680
0 0.769531 0.702148 0.901042 0.702148 0.901042 0.721680 0.769531 0.721680
0 0.692708 0.725586 0.712240 0.725586 0.712240 0.745117 0.692708 0.745117
0 0.783854 0.870117 0.809896 0.870117 0.809896 0.889648 0.783854 0.889648
0 0.210938 0.940430 0.227865 0.940430 0.227865 0.959961 0.210938 0.959961
0 0.415365 0.940430 0.500000 0.940430 0.500000 0.959961 0.415365 0.959961
