1 0.291667 0.023438 0.708333 0.023438 0.708333 0.133789 0.291667 0.133789
0 0.365885 0.199219 0.399740 0.199219 0.399740 0.216797 0.365885 0.216797
0 0.393229 0.313477 0.441406 0.313477 0.441406 0.331055 0.393229 0.331055
0 0.575521 0.356445 0.601562 0.356445 0.601562 0.374023 0.575521 0.374023
0 0.653646 0.377930 0.683594 0.377930 0.683594 0.395508 0.653646 0.395508
0 0.070312 0.481445 0.088542 0.481445 0.088542 0.499023 0.070312 0.499023
0 0.080729 0.545898 0.132812 0.545898 0.132812 0.563477 0.080729 0.563477
0 0.731771 0.588867 0.808594 0.588867 0.808594 0.606445 0.731771 0.606445
1 0.320312 0.634766 0.678385 0.634766 0.678385 0.661133 0.320312 0.661133
0 0.132812 0.878906 0.264323 0.878906 0.264323 0.896484 0.132812 0.896484
0 0.309896 0.921875 0.334635 0.921875 0.334635 0.939453 0.309896 0.939453
