0 0.054688 0.223633 0.114583 0.223633 0.114583 0.241211 0.054688 0.241211
0 0.914062 0.245117 0.930990 0.245117 0.930990 0.262695 0.914062 0.262695
0 0.158854 0.323242 0.175781 0.323242 0.175781 0.340820 0.158854 0.340820
0 0.236979 0.452148 0.325521 0.452148 0.325521 0.469727 0.236979 0.469727
0 0.341146 0.473633 0.365885 0.473633 0.365885 0.491211 0.341146 0.491211
1 0.281250 0.501953 0.718750 0.501953 0.718750 0.576172 0.281250 0.576172
0 0.184896 0.662109 0.247396 0.662109 0.247396 0.679688 0.184896 0.679688
0 0.705729 0.722656 0.731771 0.722656 0.731771 0.740234 0.705729 0.740234
1 0.307292 0.756836 0.692708 0.756836 0.692708 0.796875 0.307292 0.796875
0 0.419271 0.947266 0.492188 0.947266 0.492188 0.964844 0.419271 0.964844
