0 0.080729 0.211914 0.104167 0.211914 0.104167 0.231445 0.080729 0.231445
0 0.638021 0.235352 0.660156 0.235352 0.660156 0.254883 0.638021 0.254883
0 0.419271 0.347656 0.445312 0.347656 0.445312 0.367188 0.419271 0.367188
0 0.382812 0.488281 0.410156 0.488281 0.410156 0.507812 0.382812 0.507812
1 0.196615 0.521484 0.802083 0.521484 0.802083 0.557617 0.196615 0.557617
0 0.497396 0.581055 0.527344 0.581055 0.527344 0.600586 0.497396 0.600586
0 0.367188 0.627930 0.582031 0.627930 0.582031 0.647461 0.367188 0.647461
0 0.158854 0.721680 0.203125 0.721680 0.203125 0.741211 0.158854 0.741211
0 0.243490 0.798828 0.290365 0.798828 0.290365 0.818359 0.243490 0.818359
0 0.184896 0.822266 0.345052 0.822266 0.345052 0.841797 0.184896 0.841797
0 0.132812 0.892578 0.196615 0.892578 0.196615 0.912109 0.132812 0.912109
0 0.497396 0.939453 0.527344 0.939453 0.527344 0.958984 0.497396 0.958984
