1 0.166667 0.204102 0.832031 0.204102 0.832031 0.294922 0.166667 0.294922
0 0.619792 0.365234 0.648438 0.365234 0.648438 0.384766 0.619792 0.384766
0 0.779948 0.531250 0.829427 0.531250 0.829427 0.550781 0.779948 0.550781
0 0.158854 0.554688 0.259115 0.554688 0.259115 0.574219 0.158854 0.574219
0 0.692708 0.578125 0.880208 0.578125 0.880208 0.597656 0.692708 0.597656
0 0.611979 0.633789 0.690104 0.633789 0.690104 0.653320 0.611979 0.653320
0 0.877604 0.633789 0.903646 0.633789 0.903646 0.653320 0.877604 0.653320
0 0.106771 0.794922 0.248698 0.794922 0.248698 0.814453 0.106771 0.814453
0 0.524740 0.865234 0.557292 0.865234 0.557292 0.884766 0.524740 0.884766
0 0.890625 0.914062 0.960938 0.914062 0.960938 0.933594 0.890625 0.933594
